% Complex problem from 
% A note on the complex semi-definite matrix Procrustes problem 
% 
B = [0.0112 -0.9898 1.1380 -0.3306
-0.6451 1.3396 -0.6841 -0.8436
0.8057 0.2895 -1.2919 0.4978
0.2316 1.4789 -0.0729 1.4885]... 
+ sqrt(-1) * [-0.5465 -0.8542 0.4853 -0.0793
-0.8468 -1.2013 -0.5955 1.5352
-0.2463 -0.1199 -0.1497 -0.6065
0.6630 -0.0653 -0.4348 -1.3474]; 

X = [0.4694 0.5354 0.1326 -0.0787
-0.9036 0.5529 1.5929 -0.6817
0.0359 -0.2037 1.0184 -1.0246
-0.6275 -2.0543 -1.5804 -1.2344] ... 
+ sqrt(-1) * [0.2888 -0.4650 -1.3573 -1.3813
-0.4293 0.3710 -1.0226 0.3155
0.0558 0.7283 1.0378 1.5532
-0.3679 2.1122 -0.3898 0.7079]; 

Aopt =  [0.5866 -0.2842 0.1723 0.1165
-0.2842 0.7610 -0.2745 -0.0656
0.1723 -0.2745 0.1092 0.0370
0.1165 -0.0656 0.0370 0.0233]... 
+ sqrt(-1) * [0 0.6047 -0.1853 -0.0089
-0.6047 0 -0.0878 -0.1158
0.1853 0.0878 0 0.0342
0.0089 0.1158 -0.0342 0]; 